['p102', 'p107', 'p108', 'p109', 'p115', 'p116', 'p117', 'p119', 'p120', 'p125', 'p127', 'p128', 'p129', 'p133', 'p135']
MI = [-0.3027917551020408, -0.2270961224489796, -0.2786333469387755, -0.18954244897959183, -0.18401879591836734, -0.3273531020408163, -0.22197255102040817, -0.25141983673469387, -0.23443361224489795, -0.210021693877551, -0.25255981632653063, -0.32189079591836733, -1.2459623673469387, -0.1755664693877551, -0.22615128571428572]
DSC = [0.7808866725389801, 0.81235676064803, 0.8878682843614083, 0.7792262445150552, 0.7323046890208623, 0.9046970451293324, 0.5629214962982475, 0.8980025871610504, 0.8984949826223586, 0.8282741631269464, 0.6129153394932155, 0.89465976780084, 1.0, 0.6390678905032563, 0.7263895440645336]
SNS = [0.6543029454747545, 0.7183876782295983, 0.8528247682169836, 0.7268724215701553, 0.5945495337875388, 0.8496034768187579, 0.39902993698560046, 0.9119400966240395, 0.8428418523822266, 0.7466824080145612, 0.46793410981501465, 0.8304036391330301, 1.0, 0.5215478077281589, 0.5863632487554435]
SPC = [0.9979355253465176, 0.9951718295951155, 0.993445314159432, 0.9866715832930362, 0.9971925234890836, 0.9972525454980952, 0.9982055537729411, 0.98855938139764, 0.9968034396424327, 0.9945918051456798, 0.9943346284905976, 0.9975070388163039, 1.0, 0.9893696079051669, 0.9973011280183303]