['p102', 'p107', 'p108', 'p109', 'p115', 'p116', 'p117', 'p119', 'p120', 'p125', 'p127', 'p128', 'p129', 'p133', 'p135']
MI = [-0.2319929387755102, -0.15023289795918368, -0.16489773469387756, -0.16090710204081632, -0.11586087755102041, -0.2331352857142857, -0.16872102040816325, -0.17948197959183673, -0.14275124489795918, -0.1950589387755102, -0.15875975510204082, -0.23169214285714285, -0.1892989387755102, -0.1535099387755102, -1.2534538163265305]
DSC = [0.6384372337404146, 0.6403510674053755, 0.7185845894613454, 0.5639003036382949, 0.7232408387838748, 0.5304896999407739, 0.6859603357063359, 0.6532091964770066, 0.7212395706866929, 0.7117233048668679, 0.5873101514754231, 0.7237512478469791, 0.6436068355350867, 0.6206672947567012, 1.0]
SNS = [0.6487593119246748, 0.7102195179143693, 0.9435843168850222, 0.7900059524167413, 0.8583144439300381, 0.8158959589704122, 0.7059325753521847, 0.8905055946704826, 0.8947444368953638, 0.7864585525405997, 0.7002988233454988, 0.8413049621510471, 0.9578701170641959, 0.7941786566778299, 1.0]
SPC = [0.9915997976978053, 0.9888749593624611, 0.9850502575587139, 0.97783906125672, 0.9887170835934421, 0.972403868601538, 0.992284759958386, 0.9816907559984562, 0.9871583401792252, 0.9907243047968821, 0.9850103606796374, 0.9894106045904585, 0.9776907976070827, 0.9832481826839907, 1.0]