['p102', 'p107', 'p108', 'p109', 'p115', 'p116', 'p117', 'p119', 'p120', 'p125', 'p127', 'p128', 'p129', 'p133', 'p135']
MI = [-0.2841554081632653, -0.22190083673469388, -0.22125, -0.2145327142857143, -0.22393365306122448, -0.29634214285714283, -0.22638483673469387, -0.21262444897959185, -0.14069087755102042, -0.22984781632653062, -0.2748342244897959, -0.2603112857142857, -0.2141816530612245, -1.0138444285714285, -0.2556459795918367]
DSC = [0.7576147305591531, 0.6637861168826696, 0.5630267895522217, 0.6950768179533457, 0.6818117065404115, 0.8242257122057378, 0.6954369869628199, 0.6987521100431077, 0.74258493849804, 0.7744650886740637, 0.7297304832514439, 0.7465910302060064, 0.735061524058447, 1.0, 0.6259665369816911]
SNS = [0.6932611688665012, 0.5958968482320255, 0.7100010717495074, 0.8008895520911482, 0.6707832840053752, 0.8797332168149253, 0.5699398995853154, 0.8258613156137414, 0.8327947105039696, 0.7933914276527861, 0.701291045945077, 0.7074371171587096, 0.9482922083810812, 1.0, 0.6609025779697767]
SPC = [0.9955841104589546, 0.9935610478107828, 0.9737963508791344, 0.9837511225936062, 0.9904209779226805, 0.991773277590265, 0.9977689117120031, 0.9826416968507791, 0.9867651002140908, 0.9917562524739623, 0.9928765849319208, 0.9939442459363176, 0.979611093140155, 1.0, 0.9854565604157534]