['p102', 'p107', 'p108', 'p109', 'p115', 'p116', 'p117', 'p119', 'p120', 'p125', 'p127', 'p128', 'p129', 'p133', 'p135']
MI = [-0.29288426530612244, -0.25405420408163265, -0.35838265306122447, -0.2110749387755102, -0.2673138367346939, -0.32420132653061223, -0.3384847346938776, -0.2561539387755102, -0.1747824693877551, -0.24346332653061226, -0.8357651836734694, -0.23617667346938775, -0.2845176530612245, -0.2670512448979592, -0.23903957142857143]
DSC = [0.8164161611137422, 0.7731263211243927, 0.7044340429430989, 0.6990256290186049, 0.7505278687013047, 0.8058028934872449, 0.649487801148898, 0.7334055536937597, 0.4140992005105387, 0.8097809349785452, 1.0, 0.7034800497677913, 0.7470650777477518, 0.7459150994264799, 0.681863635344499]
SNS = [0.735733802554969, 0.7455998550372183, 0.8798430205665947, 0.832839792283593, 0.7762995388848356, 0.9172329275329146, 0.5671764206591038, 0.897472211493069, 0.4455650448955457, 0.7523186892312681, 1.0, 0.680781463837985, 0.9649657382372716, 0.8707446986061638, 0.7250952510383436]
SPC = [0.998149960224807, 0.994912456832957, 0.9828323724912725, 0.9847250545576333, 0.9918802191284048, 0.9900206444309632, 0.9950189301314005, 0.9847273058587197, 0.9803818974733648, 0.9970628466589831, 1.0, 0.9929269417041475, 0.9828264131648672, 0.9871151417346328, 0.9888438761101066]