['p102', 'p107', 'p108', 'p109', 'p115', 'p116', 'p117', 'p119', 'p120', 'p125', 'p127', 'p128', 'p129', 'p133', 'p135']
MI = [-0.3348288979591837, -0.27211826530612243, -0.3522678775510204, -0.22915714285714286, -0.2343580612244898, -0.3529077755102041, -0.31140232653061223, -0.26876557142857144, -0.24640883673469388, -0.28328832653061226, -0.26966093877551023, -1.1697819795918367, -0.3121428367346939, -0.19132038775510204, -0.281265306122449]
DSC = [0.8477057414568178, 0.801217502402259, 0.8294212427817976, 0.8380953613361284, 0.8387334829905313, 0.8896202389827076, 0.7594594630574071, 0.8463805708542953, 0.9052738343602381, 0.852971117768535, 0.7840153626421552, 1.0, 0.883804749552303, 0.8069145177015574, 0.8073336456514889]
SNS = [0.7865518312509358, 0.8338521635555476, 0.9260348484069715, 0.8684122901307542, 0.8178336063430626, 0.9227274454110901, 0.6374460591622885, 0.9523197632972126, 0.8935776044122544, 0.8191967927129867, 0.7673085561174664, 1.0, 0.9589747944605469, 0.873907495513776, 0.7528990057678426]
SPC = [0.995767915326037, 0.9848496263784767, 0.9812199960702364, 0.9875219750220724, 0.9919032375700716, 0.9907178819421892, 0.9974768292304405, 0.9817655686801395, 0.995069472997369, 0.9937827967419334, 0.9883701421647364, 1.0, 0.9870816883544313, 0.9821250449687198, 0.9931318014547783]